100
66 84
35 73
51 35
74 37
29 11
11 67
22 22
92 20
54 26
14 15
88 49
43 26
24 81
56 51
7 40
75 80
4 32
37 12
11 58
96 0
81 52
80 89
26 55
11 24
78 0
6 27
53 78
19 59
43 84
62 75
83 58
86 0
57 11
0 23
87 25
22 94
9 74
46 72
98 28
58 68
62 92
77 0
66 36
30 96
3 5
88 96
33 44
2 86
13 66
85 62
86 90
52 12
93 26
79 12
41 44
52 84
7 94
44 41
97 15
74 49
12 60
67 96
41 12
41 33
83 73
92 41
12 50
59 62
21 21
82 20
34 59
60 21
99 83
42 26
11 37
10 9
33 56
61 65
40 92
98 1
58 17
12 82
63 18
4 89
93 19
65 46
95 34
70 27
13 49
38 90
97 15
47 13
3 66
76 90
57 96
24 91
67 67
71 11
79 1
47 93
